104.82658412753787 6.38924320216986e-26
119.63965556649386 4.641069183189915e-26
134.75301841459273 3.7010418964344626e-26
154.4741020098983 2.9792547066873943e-26
177.86328692225825 2.436386375362737e-26
204.79386785988532 2.1053400573627937e-26
235.80205358143323 1.900451145919272e-26
273.9529623975702 1.6651767620356037e-26
312.6143086376465 1.5365553137441724e-26
359.9477695598336 1.4125413299405422e-26
414.4480698139626 1.306131961803077e-26
477.20035265829523 1.2224571564070258e-26
549.4540647261799 1.1523852415375804e-26
632.6478334778178 1.0980899157730955e-26
728.4381113890524 1.0557836482669586e-26
838.7321572052053 1.025636089663971e-26
965.7260109423065 1.0030769862978599e-26
1111.9482187474568 9.911892272175337e-27
1280.3101782142096 9.909340152817449e-27
1474.1641065672602 9.911234241025484e-27
1697.3697859079703 1.0038441256074565e-26
1954.3714144703454 1.0231341772965582e-26
2250.2860940555893 1.0536108571664941e-26
2591.0057154987085 1.087431941125489e-26
2983.3142707858437 1.1243545870403818e-26
3435.022927597593 1.1730089325777672e-26
3955.125555717276 1.2270673102338662e-26
4553.977801955574 1.2888103621503173e-26
5243.503279112232 1.356700094130866e-26
6037.430974356987 1.4326581526071668e-26
6951.568604014782 1.517627474691355e-26
8004.117357461098 1.612692883565817e-26
9302.9476768845 1.7337191093557023e-26
10895.708126064783 1.8549245511987172e-26
12545.44571182076 1.977688727250464e-26
14444.972854195386 2.1577321024081486e-26
16645.04729752583 2.310164434989239e-26
19184.186250300943 2.5110432346301637e-26
22050.002030301952 2.752699955077607e-26
25388.63011160711 3.0050670468333277e-26
33658.947956770164 3.6573416361653566e-26
38755.30616486612 4.0684198431694516e-26
44623.312584266394 4.5297650733918824e-26
51379.8037750588 5.0592888844111326e-26
59159.30671839758 5.724712171457534e-26
68116.71735306147 6.47184567133243e-26
78430.38467375982 7.323055578152369e-26
90305.66179797669 8.282504248583957e-26
98190.77072962812 8.926857388185864e-26
