7.480197134255539 5.421887199019581e-27
8.435036311953937 5.468668412230691e-27
9.24612823601283 5.514592078504658e-27
10.152254901020747 5.72600531369332e-27
11.147182576795572 5.8482678344800674e-27
12.239613820957274 6.000472848343556e-27
13.486780633473941 6.319182599260381e-27
14.645898639361736 6.620916211893367e-27
16.33129363450877 6.965586218022602e-27
17.660958913774444 7.396977904483236e-27
19.561218811916092 8.003321158888376e-27
21.609275892049915 8.411518696104057e-27
23.738122741152804 8.905395449277644e-27
25.75891153680117 9.044709486313257e-27
28.54449564978728 9.736133347152999e-27
31.034131010806107 1.0094290682641735e-26
34.229166663758484 1.1053632012431566e-26
37.52731981252691 1.1325093156444783e-26
41.48666208119892 1.1689877288037965e-26
45.012510735101074 1.2755349693965898e-26
49.75156308801601 1.3305267730057778e-26
54.195629072419855 1.4398291860137038e-26
59.98075551915893 1.6039277179810553e-26
65.85890911771516 1.7029103329066115e-26
72.31312564560844 1.7876087907357282e-26
79.39985964983092 1.9406897187688909e-26
87.81853234828712 2.1725780199409023e-26
95.72490338618529 2.3792732251339385e-26
105.10600704919638 2.695321547655744e-26
115.4064650580783 2.9163296912830725e-26
126.71637474504631 3.3033591224419e-26
139.66782049424637 3.6557145668517867e-26
152.44569168962127 3.950254597916218e-26
168.64434863780286 4.396657417371132e-26
184.83368446039208 4.9822519433367446e-26
202.23007571224585 5.631060833192768e-26
223.52146560547678 6.059415667688762e-26
243.80968108395058 6.875328712747284e-26
267.70319062416735 7.555871755672992e-26
293.93827985724306 8.28417719320859e-26
320.19436167555284 8.944186968737607e-26
357.1958622985555 1.0251421726688757e-25
389.1024373463094 1.1299697206883361e-25
426.71631282593336 1.2785262243905714e-25
469.10401840217867 1.4431928162512613e-25
517.8984764674167 1.6723629790092862e-25
561.9039095077524 1.7911961860154652e-25
614.4788882776577 1.9176825742021437e-25
681.4491916375421 2.1195517348883964e-25
742.3197449365069 2.329831074078339e-25
815.0675695047402 2.501706671537306e-25
894.9447288582998 2.7082854678036457e-25
982.649902507988 2.966909157606884e-25
1074.615199531053 3.144793724202899e-25
1184.6880762115034 3.375840621077527e-25
1305.4029675020568 3.5895860833424423e-25
1439.6922546945084 3.6670833026444157e-25
1571.414167873971 3.95675247202672e-25
1721.925752450826 4.386944204371387e-25
1894.505482286945 4.434029707804348e-25
2083.9180610608914 4.028027596101153e-25
2279.408818522699 3.598105190077722e-25
2489.5328377527553 3.39126187298483e-25
2763.682762362659 3.598261514966544e-25
3006.7135150522436 3.8129408544524857e-25
3313.085379848974 4.267107278853838e-25
3637.769932074439 4.799350953608619e-25
3994.2737845494676 5.397982302917661e-25
4385.7152496835315 6.06554570982897e-25
4815.518236558806 6.82856348304387e-25
5287.442199605582 7.709396714037032e-25
5805.615022267709 8.712082140441829e-25
6374.569123288888 9.901173528247947e-25
6999.281101438898 1.1167788775708872e-24
7685.215265449016 1.2728096918611896e-24
8438.371429909943 1.4533854356387974e-24
9265.337395199162 1.6427580286967585e-24
