133.15848320819853  1.0332918168151617e-24
140.24249754465094  8.487869145749296e-25
151.3884367828986  5.521561956363931e-25
162.78870091277489  4.0680475606717703e-25
191.61360632818258  2.2956354229354215e-25
224.44714330654574  1.5146377085973134e-25
258.1917482050296  1.1510198506680625e-25
291.6102449260255  9.373562321340634e-26
369.5949163639083  7.021637779646622e-26
464.1487492005432  5.5818316999047e-26
563.9403856702608  4.7801900573561827e-26
688.5034732755284  4.4048834722808286e-26
838.5531814588022  4.044141310049284e-26
1021.304126164198  3.984762073471581e-26
1243.8830847978368  3.8488721411260403e-26
1514.9700162842864  3.780108440995187e-26
1845.1365552683192  3.838436890632599e-26
2247.258276396524  3.961987009539578e-26
2737.0168058365066  4.229484764926009e-26
3333.5113609832642  4.4273570110035443e-26
4060.003566696506  4.749204952836086e-26
4944.824593825977  5.1597810151948915e-26
6022.479995898492  5.573812943569501e-26
7334.995329517634  6.229912586750752e-26
8933.555033920677  6.991102532885668e-26
10896.63956555083  7.771702384501853e-26
13251.75103918014  8.913432326258993e-26
16139.784946818341  1.0275069648344194e-25
19657.225476042375  1.199280392350671e-25
23941.2430022584  1.3979144524193682e-25
29158.902266841524  1.6165409682321905e-25
35513.67743633911  1.9210885531640218e-25
43492.91999389755  2.2191908638525573e-25
52679.85813992057  2.63661826152496e-25
64160.69686891873  3.2016161928930087e-25