T [GeV]		heff			          Sqrt[geff]		      Sqrt[g*]
12589.25	106.83001038648813	10.335866352203652	10.335880201584999
11885.04	106.82996211229715	10.335864682199732	10.335879911011949
11220.19	106.82990859923521	10.335862836309042	10.33587969062987
10592.56	106.82984925268882	10.335860794913634	10.335879436761372
10000.		106.82978339561934	10.33585853568151	10.335879172553735
9440.606	106.82971028414443	10.335856034103578	10.335878891711078
8912.53		106.82962908193937	10.335853262639285	10.33587859471963
8413.95		106.8295388390608	10.335850190006852	10.335878279822255
7943.284	106.82943851858649	10.33584678211905	10.335877946675796
7498.942	106.82932694012898	10.335843000146534	10.335877593887961
7079.457	106.82920279177542	10.335838800983822	10.335877220166223
6683.455	106.8290646092741	10.335834136525348	10.335876824702284
6309.586	106.8289107337722	10.335828952273165	10.335876405896476
5956.636	106.82873933226554	10.33582318804163	10.3358759628727
5623.426	106.82854833700341	10.335816775915715	10.335875495050635
5308.843	106.82833543238014	10.335809639873776	10.33587499637496
5011.873	106.82809805858089	10.335801695967687	10.335874471000661
4731.512	106.82783329986833	10.335792848329762	10.335873916560576
4466.837	106.82753792384295	10.335782990860727	10.335873328994547
4216.965	106.8272082936565	10.33577200408904	10.33587270746057
3981.071	106.82684034927794	10.33575975463503	10.335872050320786
3758.375	106.82642954058976	10.33574609291438	10.335871356731088
3548.141	106.82597077574151	10.335730851482154	10.335870623421679
3349.663	106.82545832448382	10.335713841785312	10.33586984998155
3162.285	106.82488578906137	10.335694853151256	10.335869032288267
2985.382	106.82424598239436	10.335673648739473	10.335868178123942
2818.396	106.8235309879211	10.335649967321391	10.335867263585023
2660.725	106.82273163078385	10.335623506411702	10.3358663048851
2511.887	106.82183800315008	10.33559393829166	10.335865299747532
2371.374	106.82083876807881	10.335560887776547	10.335864244249644
2238.721	106.8197212767422	10.335523935622058	10.335863143654828
2113.489	106.81847138749043	10.33548261271131	10.335861982232013
1995.262	106.81707325654342	10.335436392320881	10.335860760741632
1883.65		106.81550916446892	10.335384684351185	10.335859489667733
1778.279	106.8137591613146	10.335326823142783	10.335858171144682
1678.808	106.81180113250912	10.335262069124344	10.335856806711242
1584.893	106.80960984174767	10.335189576479312	10.335855401026624
1496.235	106.80715762749332	10.33510841555549	10.335853951278416
1412.538	106.80441327618675	10.335017534477966	10.335852376544603
1333.521	106.8013418250477	10.334915751579437	10.335850794875922
1258.929	106.79790417248246	10.334801740791248	10.335849435529893
1188.502	106.79405577179597	10.334673986721233	10.335847694831035
1122.018	106.7897486984115	10.334530851363471	10.335846336614104
1059.254	106.78492701159371	10.334370416638437	10.335844893103843
1000.	  	106.77953006671167	10.334190593004227	10.335843441955445
944.0607	106.77348922627039	10.333989004748979	10.335841432010449
891.253		106.76672797744664	10.33376298963994	10.335842199356499
841.3969	106.75915698391016	10.333509384071222	10.335839165453413
794.3284	106.75068939350484	10.333225249836886	10.335837541614453
749.8942	106.74120967415061	10.332906379057254	10.33583836933889
707.9456	106.73060117438939	10.33254865415913	10.33583775405414
668.344		106.71873061369803	10.332147290510692	10.335837987079772
630.9573	106.70544894688585	10.33169689849506	10.335838618071325
595.6623	106.69059051593102	10.331191438141696	10.33583986800635
562.3413	106.67397010810832	10.33062410021172	10.335841806163694
530.8843	106.65538198320553	10.329987249454629	10.335844540786459
501.1873	106.63459718560354	10.329272311225209	10.33584815989203
473.1523	106.61136138918758	10.328469655207456	10.335852782798812
446.6847	106.58539001461504	10.327568405827925	10.335858449694367
421.6965	106.55636801991098	10.32655637472575	10.335865179704228
398.1071	106.52394944007312	10.325420008064148	10.335872981632317
375.8391	106.48775039689602	10.324144064058903	10.33588180443362
354.8134	106.44733481359043	10.322711106646134	10.335891122927215
334.9655	106.40224089471873	10.321102247721056	10.33590072609568
316.2278	106.35194562244168	10.319295914481344	10.335909872466694
298.5382	106.29587752030835	10.317268122401524	10.33591742677355
281.8383	106.23341019921045	10.314992184389286	10.33592139479312
266.0725	106.16385620260755	10.312438313312603	10.335920485903447
251.1887	106.08646494102506	10.309573419651699	10.335910521776931
237.1374	106.00042052201815	10.30636087944975	10.335887441863534
223.8727	105.90484062208729	10.30276032874164	10.335846815746832
211.3489	105.79875357557007	10.298726560343955	10.33577913680633
199.5262	105.68114499635534	10.294211114950176	10.335674463438748
188.3658	105.5509207347113	10.289160715869812	10.335520442461268
177.8279	105.40687345994633	10.283515658607893	10.33530031898719
167.8804	105.2478006600293	10.27721422237183	10.33499212448443
158.4893	105.0723924036846	10.270188046061365	10.33456869058483
149.6236	104.87930457251113	10.26236485765115	10.333995300660092
141.2538	104.66715615309778	10.253668191863223	10.33322604092966
133.3521	104.4345501651627	10.24401809385073	10.332213385771224
125.8925	104.18008572617516	10.23333137482863	10.330903880589211
118.8505	103.90240422950123	10.221523721493684	10.32919483789956
112.2021	103.60020624113078	10.208510681161458	10.32702258671779
105.9254	103.27225962955949	10.194207316801469	10.324268708038579
100.		  102.91756865073596	10.178537112552274	10.320799364088959
94.40609	102.53526673416704	10.16142677049277	10.316491252118201
89.12511	102.12474491675647	10.142812791938812	10.31117905344953
84.1395		101.68569619079693	10.122644262068622	10.304688231467827
79.43282	101.2181818725153	10.100886853643459	10.296829905642971
74.98942	100.7226602827719	10.077525235463078	10.287403880578191
70.79458	100.20004970909945	10.052567282291175	10.276204265085585
66.8344		99.65176018871209	10.026046982261217	10.263025759169164
63.09573	99.07971369528272	9.998026878683284	10.247671707825768
59.56636	98.4863908412818	9.968601885242132	10.2299647447045
56.23413	97.87467251925476	9.937892879603847	10.209752852109531
53.08845	97.248078751867		9.906059973389388	10.186928872802339
50.11873	96.61044181643072	9.873287328668676	10.161432923195937
47.31512	95.96596279611495	9.839786771968031	10.133266400818465
44.66836	95.31909361314898	9.805792294584588	10.10249929857137
42.16965	94.67439614357313	9.771552820574511	10.069274048933961
39.81072	94.03643722101256	9.737326339344097	10.033807298169332
37.58374	93.40964123025435	9.703371306226561	9.99638545303952
35.48133	92.79817185540757	9.669939129300417	9.957356994397678
33.49654	92.20581921554233	9.637266592378724	9.917119487795366
31.62278	91.63589244218191	9.605568313478091	9.876101566329229
29.85389	91.09118118690522	9.575032914205805	9.834745549748504
28.18383	90.57383164080193	9.545814437253362	9.793479741343708
26.60725	90.08552758802321	9.518041129381094	9.752712768770504
25.11886	89.62732994889299	9.491805317528925	9.712803580698882
23.71374	89.19983012823748	9.46717134006823	9.674056872215798
22.38721	88.80318611113668	9.444177263088287	9.636715085577935
21.13489	88.43721994317352	9.422840431534452	9.600963016186462
19.95262	88.10146854737242	9.403160555217163	9.566932295240736
18.83649	87.79525516098525	9.385124106200967	9.53471451892801
17.78279	87.51771682601733	9.368706124205195	9.50437488844818
16.78804	87.26783168185543	9.353871871858018	9.475966626052331
15.84893	87.04440303477519	9.340575746414132	9.449539830500484
14.96235	86.84605295696788	9.328760539992512	9.425147964417189
14.12541	86.67120662501269	9.318355967815812	9.402846241389417
13.33521	86.5180326038173	9.309274520150796	9.382683191325967
12.58925	86.3845181299265	9.301415384164248	9.364703489570253
11.88502	86.26840878473803	9.294660307013665	9.348906891612947
11.22018	86.16729616241068	9.288878518877036	9.335277553812741
10.59254	86.07863983407799	9.283928295123884	9.323733194922621
10.		    85.99987493284426	9.279663334377405	9.314167281090436
8.912509	85.86195263537125	9.272604160863146	9.300213445604165
7.943287	85.73475764236908	9.266598342786615	9.291805583579235
7.079464	85.60258131446218	9.260718678333793	9.28707898850067
6.309576	85.45307878783967	9.254246836054975	9.284464566557105
5.623413	85.27651714245138	9.24663423127085	9.282829758550953
5.011872	85.06455046479934	9.237425690099542	9.281487341809646
4.466839	84.80910155895913	9.226184772540634	9.28005539182286
3.981072	84.50164182973045	9.212441102822822	9.278277757191564
3.548136	84.13295736077524	9.195666036254787	9.275914169357124
3.162278	83.69321681048534	9.175267338683575	9.272601482296771
2.818383	83.17242870252949	9.150606739130954	9.267906858368692
2.511888	82.56112388103539	9.121033804847487	9.261021493453057
2.371377	82.21894925383263	9.104212110997102	9.256528233722118
2.238722	81.85132504396454	9.085941683640389	9.251092695702223
2.113489	81.45769860854111	9.066166948003449	9.24459492345813
1.995263	81.03775473529258	9.044845174729522	9.236853642208743
1.88365		80.59145023208457	9.021949420233732	9.227691058792225
1.778279	80.11905366567044	8.997471910849033	9.21692113574198
1.678806	79.62119464451364	8.971428038195294	9.204363096988489
1.584893	79.09876726930975	8.943852815516053	9.189848113470388
1.496236	78.553062319029		8.914809137716206	9.173234844474306
1.412538	77.98558874800884	8.884379480023645	9.154420537187976
1.333521	77.39807225018198	8.85266640565904	9.133358026532743
1.258927	76.79238300263009	8.819788971439634	9.110067454237159
1.188502	76.17028775304756	8.78586848207477	9.084654964822501
1.122019	75.53348433902798	8.75102833404637	9.057323291020346
1.059254	74.88324003873751	8.715372277223704	9.02836708895266
1.		    74.22034022444075	8.678976844306522	8.998176001185183
0.9440617	73.54489247865412	8.641876495449392	8.967204150738525
0.891251	72.85616099962667	8.604049887872078	8.935933457173483
0.8413955	72.15263536996076	8.565419334849427	8.904813741867045
0.7943284	71.43197830835868	8.525845154885562	8.874188235762318
0.7498942	70.69128135435379	8.485140032514689	8.84422833531937
0.7079459	69.92732621367412	8.44308654818337	8.814865333585216
0.6683444	69.13694570518804	8.399463383775108	8.785788377776793
0.6309577	68.3173430831293	8.354071442765395	8.756494597507677
0.5956623	67.46634498739907	8.306756296158106	8.726425787940803
0.5623413	66.5824583971913	8.257416929514747	8.694903954241786
0.5308846	65.66488496785693	8.20600795575864	8.661621948742255
0.5011872	64.712784779493		8.152496229731598	8.626481463397987
0.4731517	63.72520106243129	8.096844662027713	8.589769919866292
0.4466837	62.70014106333989	8.038949956558977	8.552007844189681
0.4216965	61.634680570871		7.978630047476886	8.513869005860391
0.3981073	60.524281524927915	7.915572244499388	8.47643886723447
0.3758374	59.362505116375715	7.849297007454421	8.440621035877975
0.3548135	58.14150969279659	7.779175077326387	8.407119936947074
0.3349657	56.85211630168455	7.704420080134209	8.376415966381083
0.3162279	55.484431408018		7.624120449291094	8.348481457682205
0.2985383	54.02870497540377	7.537292925134533	8.32270961847237
0.2818383	52.4761599162921	7.442940995318805	8.297961070685206
0.2660725	50.81959658906046	7.3400966464415935	8.273019174715417
0.2511887	49.053016788693746	7.2277741837672895	8.2477404717329
0.2371376	47.16921751338848	7.104720608186402	8.22517042432411
0.2238722	45.154387658497946	6.968824122843641	8.214374016994647
0.2113489	42.98050823724971	6.816160897919094	8.232150556587055
0.1995262	40.599793546265595	6.640000287747418	8.29838960941217
0.1883649	37.95436203158507	6.431038693535165	8.41707177791899
0.1778279	35.01713683631828	6.180893194366192	8.54309955288999
0.1678806	31.859393050611004	5.88965908554173	8.564480504935537
0.1584893	28.687985944678328	5.573102667513064	8.350942027118611
0.1496236	25.783877881428864	5.2609866606639395	7.856462574706277
0.1412538	23.36411878037213	4.983745745873888	7.179805996840921
0.1333521	21.4912098747523	4.758207588522311	6.478285123444526
0.1258925	20.094057854919942	4.584134599172493	5.91740051888057
0.1188502	19.04663001059069	4.4508949041081936	5.411346749143182
0.1122018	18.33091556463178	4.345834604498928	5.002663625081221
0.1059253	17.816655964189998	4.274412764430143	4.796798648409017
0.1	    	17.38253809780133	4.217927129718362	4.675082978446871
0.09440609	17.006297087074024	4.168885054883542	4.568812967988728
0.0891251	  16.67355917727748	4.1255258535167645	4.482477474750473
0.0841395	  16.37630544543166	4.086908895861007	4.405267057423581
0.07943282	16.11017890369042	4.052568357526775	4.334953134746314
0.07498942	15.870549729478832	4.021947203739706	4.275961879495959
0.07079458	15.648801217275588	3.993839019357961	4.2309280029153
0.0668344  	15.436884715395033	3.9670721282805808	4.196546429667501
0.06309573	15.229080242480755	3.94079061881627	4.1685386367837465
0.05956621	15.022344592344705	3.91452094136644	4.143448311439644
0.05623413	14.815176758443569	3.8880110842479603	4.11986390202944
0.05308845	14.606643767600993	3.8610876718737672	4.0971022193472075
0.05011873	14.39625136804057	3.8336387568975643	4.074549096098269
0.04731512	14.183861430136414	3.8056032386713357	4.05174326281179
0.04466836	13.969634281421552	3.776963925856232	4.028310800111729
0.04216965	13.75397677884149	3.7477416789799216	4.0039583378986805
0.03981072	13.53751635111958	3.7179932837371057	3.978425966528458
0.03548133	13.10560985669453	3.6573087907119683	3.923218248457783
0.03162277	12.682231412076497	3.5959934474581914	3.861604295381207
0.02818383	12.277329002391777	3.535543253658921	3.793798310018166
0.02511886	11.901249344308468	3.477717713401141	3.7203015339217287
0.02238721	11.568450503937575	3.424418491115539	3.6344595009938554
0.01995262	11.300699705962376	3.377648687225091	3.543715701092483
0.01778279	11.108283510477209	3.341833187576935	3.457077602424735
0.01584893	10.987778951345444	3.3195427331803455	3.390256238885654
0.01412538	10.91618230054128	3.3066294161193968	3.3492125893018145
0.01258925	10.873531602835856	3.2989457256541654	3.324322239095261
0.01122018	10.849565535188093	3.2945793382260047	3.307657237459112
0.01	    	10.83737466630089	3.292342063262896	3.300298905892034
0.00891251	10.829899334264342	3.290936487767969	3.2944875449072546
0.007943284	10.828395500803442	3.290693494182182	3.290537409008181
0.007079456	10.82887509173976	3.2908407551515713	3.290083095547512
0.006309573	10.829155690092136	3.2909516545724737	3.2907643337901917
0.005623413	10.82826745794953	3.290836860893407	3.2918561623384104
0.005011873	10.825933367212603	3.2904448360960856	3.292751477361981
0.004466837	10.822456335763995	3.2898422616941962	3.2930382075300813
0.003981071	10.81831692342026	3.289132562902495	3.2930287565959735
0.003548133	10.81364644429124	3.2883475796011763	3.292707006261015
0.003162278	10.808971871485065	3.287604393524445	3.2916624136935786
0.002818383	10.804660885713124	3.2869864681514827	3.2910385709958687
0.002511887	10.799732950828261	3.2863044258866294	3.2911066302398457
0.002238721	10.793287089529823	3.2853799101371712	3.2920171203503306
0.001995262	10.783843139109223	3.2839539783304303	3.2938801935128224
0.001778279	10.77024088161892	3.2818283016505525	3.2956805406466985
0.001584893	10.752352686349813	3.2789815310012105	3.296834137045217
0.001412538	10.730188968780665	3.2754589985344		3.2974682847401775
0.001258925	10.704030807790437	3.27135170275965	3.296506180138918
0.001122018	10.674075869389748	3.2667023627014347	3.2968545485914937
0.001		    10.63659514902435	3.260864603667039	3.2994966216642085
0.000891251	10.588403171036003	3.253268358337781	3.303155468855535
0.0007943284	10.526871485237216	3.243420599377965	3.307149054890491
0.0007079456	10.449593757354966	3.2308994114828278	3.3113860632922187
0.0006309572	10.354041263577791	3.2152855357693237	3.3150455557629925
0.0005623413	10.236925147334237	3.195973004661437	3.3211483243125643
0.0005011873	10.09140239509389	3.171551968076466	3.3290734546005676
0.0004466837	9.912170462753654	3.14093094823001	3.3386709909502668
0.0003981071	9.69404747053477	3.1031274928553616	3.3455614855594735
0.0003548134	9.43379789856339	3.0573447088961294	3.356000134038363
0.0003162278	9.119837302266971	3.000824219662566	3.3701626669195024
0.0002818383	8.746176798286685	2.93133487139718	3.383305441954734
0.0002511887	8.310584116181078	2.847905016165549	3.392071144604455
0.0002238721	7.815187119415229	2.7505172401793088	3.392521403182552
0.0001995262	7.266175120997003	2.6394417984782517	3.381065403821621
0.0001778279	6.684052542078878	2.517503618193835	3.3243915803735735
0.0001584893	6.115884039629306	2.393688312727558	3.2197748065910576
0.0001412538	5.593938204265772	2.2751910031738283	3.082637156265548
0.0001258925	5.142415538706207	2.167938080266149	2.91931997372737
0.0001122018	4.776648352778943	2.076486433569033	2.7491517046013083
0.0001	    	4.496121502556056	2.0025479094825953	2.5938731083576156
0.00008912505	4.290412848846176	1.945575755128571	2.461447263182624
0.00007943284	4.147421651053294	1.9041345387130697	2.3545672602255516
0.00007079457	4.053921636792834	1.8759916922848345	2.2736671598013447
0.00006309577	3.9971931111571086	1.858389153044311	2.2169343656698772
0.00005623413	3.9656824861391073	1.8483705632333247	2.180155988970855
0.0000501187	3.949708675204195	1.8431995728468855	2.160748843883927
0.00004466837	3.9419298871185338	1.8406786683693273	2.1478772444312377
0.00003981071	3.940019356587756	1.8399691499721251	2.1431265248054507
0.00003548135	3.9390269037835886	1.839639148419692	2.142111637815181
0.00003162278	3.938796045196621	1.839557776965258	2.141292201662246
0.00002818382	3.9387302719827537	1.8395355538186355	2.141210045790029
0.00002511887	3.9387188231481582	1.8395315831050165	2.141155892269838
0.00002238721	3.9387170037729877	1.8395309599850418	2.1411546537971287
0.00001995263	3.93871688123947	1.8395309111696336	2.141151792864682
0.00001000000	3.938717600158463	1.8395310940407135	2.141153043250102
0.00000100000	3.938717600158463	1.8395310940407135	2.141153043250102
0.00000010000	3.938717600158463	1.8395310940407135	2.141153043250102
0.00000001000	3.938717600158463	1.8395310940407135	2.141153043250102
0.00000000100	3.938717600158463	1.8395310940407135	2.141153043250102
0.00000000010	3.938717600158463	1.8395310940407135	2.141153043250102
0.00000000001 3.938717600158463	1.8395310940407135	2.141153043250102
1.0000000e-12	3.938717600158463	1.8395310940407135	2.141153043250102
1.0000000e-13	3.938717600158463	1.8395310940407135	2.141153043250102
1.0000000e-14	3.938717600158463	1.8395310940407135	2.141153043250102
1.0000000e-15	3.938717600158463	1.8395310940407135	2.141153043250102
1.0000000e-16	3.938717600158463	1.8395310940407135	2.141153043250102
1.0000000e-17	3.938717600158463	1.8395310940407135	2.141153043250102
1.0000000e-18	3.938717600158463	1.8395310940407135	2.141153043250102
1.0000000e-19	3.938717600158463	1.8395310940407135	2.141153043250102
1.0000000e-20	3.938717600158463	1.8395310940407135	2.141153043250102
1.0000000e-21	3.938717600158463	1.8395310940407135	2.141153043250102
1.0000000e-22	3.938717600158463	1.8395310940407135	2.141153043250102
1.0000000e-23	3.938717600158463	1.8395310940407135	2.141153043250102
1.0000000e-24	3.938717600158463	1.8395310940407135	2.141153043250102
1.0000000e-25	3.938717600158463	1.8395310940407135	2.141153043250102
1.0000000e-26	3.938717600158463	1.8395310940407135	2.141153043250102
1.0000000e-27	3.938717600158463	1.8395310940407135	2.141153043250102
1.0000000e-28	3.938717600158463	1.8395310940407135	2.141153043250102
1.0000000e-29	3.938717600158463	1.8395310940407135	2.141153043250102
1.0000000e-30	3.938717600158463	1.8395310940407135	2.141153043250102
1.0000000e-32	3.938717600158463	1.8395310940407135	2.141153043250102
1.0000000e-34	3.938717600158463	1.8395310940407135	2.141153043250102
1.0000000e-36	3.938717600158463	1.8395310940407135	2.141153043250102
1.0000000e-38	3.938717600158463	1.8395310940407135	2.141153043250102
1.0000000e-40	3.938717600158463	1.8395310940407135	2.141153043250102
